&input
    asr='simple',    amass(1)    = 10.811,  amass(2)    = 14.007,
    flfrc='ifc.q2r', flfrq='BN.freq',
 /
1167
0.0000000000    0.0000000000    0.0000000000
0.0010000000    0.0000000000    0.0000000000
0.0020000000    0.0000000000    0.0000000000
0.0030000000    0.0000000000    0.0000000000
0.0040000000    0.0000000000    0.0000000000
0.0050000000    0.0000000000    0.0000000000
0.0060000000    0.0000000000    0.0000000000
0.0070000000    0.0000000000    0.0000000000
0.0080000000    0.0000000000    0.0000000000
0.0090000000    0.0000000000    0.0000000000
0.0100000000    0.0000000000    0.0000000000
0.0110000000    0.0000000000    0.0000000000
0.0120000000    0.0000000000    0.0000000000
0.0130000000    0.0000000000    0.0000000000
0.0140000000    0.0000000000    0.0000000000
0.0150000000    0.0000000000    0.0000000000
0.0160000000    0.0000000000    0.0000000000
0.0170000000    0.0000000000    0.0000000000
0.0180000000    0.0000000000    0.0000000000
0.0190000000    0.0000000000    0.0000000000
0.0200000000    0.0000000000    0.0000000000
0.0210000000    0.0000000000    0.0000000000
0.0220000000    0.0000000000    0.0000000000
0.0230000000    0.0000000000    0.0000000000
0.0240000000    0.0000000000    0.0000000000
0.0250000000    0.0000000000    0.0000000000
0.0260000000    0.0000000000    0.0000000000
0.0270000000    0.0000000000    0.0000000000
0.0280000000    0.0000000000    0.0000000000
0.0290000000    0.0000000000    0.0000000000
0.0300000000    0.0000000000    0.0000000000
0.0310000000    0.0000000000    0.0000000000
0.0320000000    0.0000000000    0.0000000000
0.0330000000    0.0000000000    0.0000000000
0.0340000000    0.0000000000    0.0000000000
0.0350000000    0.0000000000    0.0000000000
0.0360000000    0.0000000000    0.0000000000
0.0370000000    0.0000000000    0.0000000000
0.0380000000    0.0000000000    0.0000000000
0.0390000000    0.0000000000    0.0000000000
0.0400000000    0.0000000000    0.0000000000
0.0410000000    0.0000000000    0.0000000000
0.0420000000    0.0000000000    0.0000000000
0.0430000000    0.0000000000    0.0000000000
0.0440000000    0.0000000000    0.0000000000
0.0450000000    0.0000000000    0.0000000000
0.0460000000    0.0000000000    0.0000000000
0.0470000000    0.0000000000    0.0000000000
0.0480000000    0.0000000000    0.0000000000
0.0490000000    0.0000000000    0.0000000000
0.0500000000    0.0000000000    0.0000000000
0.0510000000    0.0000000000    0.0000000000
0.0520000000    0.0000000000    0.0000000000
0.0530000000    0.0000000000    0.0000000000
0.0540000000    0.0000000000    0.0000000000
0.0550000000    0.0000000000    0.0000000000
0.0560000000    0.0000000000    0.0000000000
0.0570000000    0.0000000000    0.0000000000
0.0580000000    0.0000000000    0.0000000000
0.0590000000    0.0000000000    0.0000000000
0.0600000000    0.0000000000    0.0000000000
0.0610000000    0.0000000000    0.0000000000
0.0620000000    0.0000000000    0.0000000000
0.0630000000    0.0000000000    0.0000000000
0.0640000000    0.0000000000    0.0000000000
0.0650000000    0.0000000000    0.0000000000
0.0660000000    0.0000000000    0.0000000000
0.0670000000    0.0000000000    0.0000000000
0.0680000000    0.0000000000    0.0000000000
0.0690000000    0.0000000000    0.0000000000
0.0700000000    0.0000000000    0.0000000000
0.0710000000    0.0000000000    0.0000000000
0.0720000000    0.0000000000    0.0000000000
0.0730000000    0.0000000000    0.0000000000
0.0740000000    0.0000000000    0.0000000000
0.0750000000    0.0000000000    0.0000000000
0.0760000000    0.0000000000    0.0000000000
0.0770000000    0.0000000000    0.0000000000
0.0780000000    0.0000000000    0.0000000000
0.0790000000    0.0000000000    0.0000000000
0.0800000000    0.0000000000    0.0000000000
0.0810000000    0.0000000000    0.0000000000
0.0820000000    0.0000000000    0.0000000000
0.0830000000    0.0000000000    0.0000000000
0.0840000000    0.0000000000    0.0000000000
0.0850000000    0.0000000000    0.0000000000
0.0860000000    0.0000000000    0.0000000000
0.0870000000    0.0000000000    0.0000000000
0.0880000000    0.0000000000    0.0000000000
0.0890000000    0.0000000000    0.0000000000
0.0900000000    0.0000000000    0.0000000000
0.0910000000    0.0000000000    0.0000000000
0.0920000000    0.0000000000    0.0000000000
0.0930000000    0.0000000000    0.0000000000
0.0940000000    0.0000000000    0.0000000000
0.0950000000    0.0000000000    0.0000000000
0.0960000000    0.0000000000    0.0000000000
0.0970000000    0.0000000000    0.0000000000
0.0980000000    0.0000000000    0.0000000000
0.0990000000    0.0000000000    0.0000000000
0.1000000000    0.0000000000    0.0000000000
0.1010000000    0.0000000000    0.0000000000
0.1020000000    0.0000000000    0.0000000000
0.1030000000    0.0000000000    0.0000000000
0.1040000000    0.0000000000    0.0000000000
0.1050000000    0.0000000000    0.0000000000
0.1060000000    0.0000000000    0.0000000000
0.1070000000    0.0000000000    0.0000000000
0.1080000000    0.0000000000    0.0000000000
0.1090000000    0.0000000000    0.0000000000
0.1100000000    0.0000000000    0.0000000000
0.1110000000    0.0000000000    0.0000000000
0.1120000000    0.0000000000    0.0000000000
0.1130000000    0.0000000000    0.0000000000
0.1140000000    0.0000000000    0.0000000000
0.1150000000    0.0000000000    0.0000000000
0.1160000000    0.0000000000    0.0000000000
0.1170000000    0.0000000000    0.0000000000
0.1180000000    0.0000000000    0.0000000000
0.1190000000    0.0000000000    0.0000000000
0.1200000000    0.0000000000    0.0000000000
0.1210000000    0.0000000000    0.0000000000
0.1220000000    0.0000000000    0.0000000000
0.1230000000    0.0000000000    0.0000000000
0.1240000000    0.0000000000    0.0000000000
0.1250000000    0.0000000000    0.0000000000
0.1260000000    0.0000000000    0.0000000000
0.1270000000    0.0000000000    0.0000000000
0.1280000000    0.0000000000    0.0000000000
0.1290000000    0.0000000000    0.0000000000
0.1300000000    0.0000000000    0.0000000000
0.1310000000    0.0000000000    0.0000000000
0.1320000000    0.0000000000    0.0000000000
0.1330000000    0.0000000000    0.0000000000
0.1340000000    0.0000000000    0.0000000000
0.1350000000    0.0000000000    0.0000000000
0.1360000000    0.0000000000    0.0000000000
0.1370000000    0.0000000000    0.0000000000
0.1380000000    0.0000000000    0.0000000000
0.1390000000    0.0000000000    0.0000000000
0.1400000000    0.0000000000    0.0000000000
0.1410000000    0.0000000000    0.0000000000
0.1420000000    0.0000000000    0.0000000000
0.1430000000    0.0000000000    0.0000000000
0.1440000000    0.0000000000    0.0000000000
0.1450000000    0.0000000000    0.0000000000
0.1460000000    0.0000000000    0.0000000000
0.1470000000    0.0000000000    0.0000000000
0.1480000000    0.0000000000    0.0000000000
0.1490000000    0.0000000000    0.0000000000
0.1500000000    0.0000000000    0.0000000000
0.1510000000    0.0000000000    0.0000000000
0.1520000000    0.0000000000    0.0000000000
0.1530000000    0.0000000000    0.0000000000
0.1540000000    0.0000000000    0.0000000000
0.1550000000    0.0000000000    0.0000000000
0.1560000000    0.0000000000    0.0000000000
0.1570000000    0.0000000000    0.0000000000
0.1580000000    0.0000000000    0.0000000000
0.1590000000    0.0000000000    0.0000000000
0.1600000000    0.0000000000    0.0000000000
0.1610000000    0.0000000000    0.0000000000
0.1620000000    0.0000000000    0.0000000000
0.1630000000    0.0000000000    0.0000000000
0.1640000000    0.0000000000    0.0000000000
0.1650000000    0.0000000000    0.0000000000
0.1660000000    0.0000000000    0.0000000000
0.1670000000    0.0000000000    0.0000000000
0.1680000000    0.0000000000    0.0000000000
0.1690000000    0.0000000000    0.0000000000
0.1700000000    0.0000000000    0.0000000000
0.1710000000    0.0000000000    0.0000000000
0.1720000000    0.0000000000    0.0000000000
0.1730000000    0.0000000000    0.0000000000
0.1740000000    0.0000000000    0.0000000000
0.1750000000    0.0000000000    0.0000000000
0.1760000000    0.0000000000    0.0000000000
0.1770000000    0.0000000000    0.0000000000
0.1780000000    0.0000000000    0.0000000000
0.1790000000    0.0000000000    0.0000000000
0.1800000000    0.0000000000    0.0000000000
0.1810000000    0.0000000000    0.0000000000
0.1820000000    0.0000000000    0.0000000000
0.1830000000    0.0000000000    0.0000000000
0.1840000000    0.0000000000    0.0000000000
0.1850000000    0.0000000000    0.0000000000
0.1860000000    0.0000000000    0.0000000000
0.1870000000    0.0000000000    0.0000000000
0.1880000000    0.0000000000    0.0000000000
0.1890000000    0.0000000000    0.0000000000
0.1900000000    0.0000000000    0.0000000000
0.1910000000    0.0000000000    0.0000000000
0.1920000000    0.0000000000    0.0000000000
0.1930000000    0.0000000000    0.0000000000
0.1940000000    0.0000000000    0.0000000000
0.1950000000    0.0000000000    0.0000000000
0.1960000000    0.0000000000    0.0000000000
0.1970000000    0.0000000000    0.0000000000
0.1980000000    0.0000000000    0.0000000000
0.1990000000    0.0000000000    0.0000000000
0.2000000000    0.0000000000    0.0000000000
0.2010000000    0.0000000000    0.0000000000
0.2020000000    0.0000000000    0.0000000000
0.2030000000    0.0000000000    0.0000000000
0.2040000000    0.0000000000    0.0000000000
0.2050000000    0.0000000000    0.0000000000
0.2060000000    0.0000000000    0.0000000000
0.2070000000    0.0000000000    0.0000000000
0.2080000000    0.0000000000    0.0000000000
0.2090000000    0.0000000000    0.0000000000
0.2100000000    0.0000000000    0.0000000000
0.2110000000    0.0000000000    0.0000000000
0.2120000000    0.0000000000    0.0000000000
0.2130000000    0.0000000000    0.0000000000
0.2140000000    0.0000000000    0.0000000000
0.2150000000    0.0000000000    0.0000000000
0.2160000000    0.0000000000    0.0000000000
0.2170000000    0.0000000000    0.0000000000
0.2180000000    0.0000000000    0.0000000000
0.2190000000    0.0000000000    0.0000000000
0.2200000000    0.0000000000    0.0000000000
0.2210000000    0.0000000000    0.0000000000
0.2220000000    0.0000000000    0.0000000000
0.2230000000    0.0000000000    0.0000000000
0.2240000000    0.0000000000    0.0000000000
0.2250000000    0.0000000000    0.0000000000
0.2260000000    0.0000000000    0.0000000000
0.2270000000    0.0000000000    0.0000000000
0.2280000000    0.0000000000    0.0000000000
0.2290000000    0.0000000000    0.0000000000
0.2300000000    0.0000000000    0.0000000000
0.2310000000    0.0000000000    0.0000000000
0.2320000000    0.0000000000    0.0000000000
0.2330000000    0.0000000000    0.0000000000
0.2340000000    0.0000000000    0.0000000000
0.2350000000    0.0000000000    0.0000000000
0.2360000000    0.0000000000    0.0000000000
0.2370000000    0.0000000000    0.0000000000
0.2380000000    0.0000000000    0.0000000000
0.2390000000    0.0000000000    0.0000000000
0.2400000000    0.0000000000    0.0000000000
0.2410000000    0.0000000000    0.0000000000
0.2420000000    0.0000000000    0.0000000000
0.2430000000    0.0000000000    0.0000000000
0.2440000000    0.0000000000    0.0000000000
0.2450000000    0.0000000000    0.0000000000
0.2460000000    0.0000000000    0.0000000000
0.2470000000    0.0000000000    0.0000000000
0.2480000000    0.0000000000    0.0000000000
0.2490000000    0.0000000000    0.0000000000
0.2500000000    0.0000000000    0.0000000000
0.2510000000    0.0000000000    0.0000000000
0.2520000000    0.0000000000    0.0000000000
0.2530000000    0.0000000000    0.0000000000
0.2540000000    0.0000000000    0.0000000000
0.2550000000    0.0000000000    0.0000000000
0.2560000000    0.0000000000    0.0000000000
0.2570000000    0.0000000000    0.0000000000
0.2580000000    0.0000000000    0.0000000000
0.2590000000    0.0000000000    0.0000000000
0.2600000000    0.0000000000    0.0000000000
0.2610000000    0.0000000000    0.0000000000
0.2620000000    0.0000000000    0.0000000000
0.2630000000    0.0000000000    0.0000000000
0.2640000000    0.0000000000    0.0000000000
0.2650000000    0.0000000000    0.0000000000
0.2660000000    0.0000000000    0.0000000000
0.2670000000    0.0000000000    0.0000000000
0.2680000000    0.0000000000    0.0000000000
0.2690000000    0.0000000000    0.0000000000
0.2700000000    0.0000000000    0.0000000000
0.2710000000    0.0000000000    0.0000000000
0.2720000000    0.0000000000    0.0000000000
0.2730000000    0.0000000000    0.0000000000
0.2740000000    0.0000000000    0.0000000000
0.2750000000    0.0000000000    0.0000000000
0.2760000000    0.0000000000    0.0000000000
0.2770000000    0.0000000000    0.0000000000
0.2780000000    0.0000000000    0.0000000000
0.2790000000    0.0000000000    0.0000000000
0.2800000000    0.0000000000    0.0000000000
0.2810000000    0.0000000000    0.0000000000
0.2820000000    0.0000000000    0.0000000000
0.2830000000    0.0000000000    0.0000000000
0.2840000000    0.0000000000    0.0000000000
0.2850000000    0.0000000000    0.0000000000
0.2860000000    0.0000000000    0.0000000000
0.2870000000    0.0000000000    0.0000000000
0.2880000000    0.0000000000    0.0000000000
0.2890000000    0.0000000000    0.0000000000
0.2900000000    0.0000000000    0.0000000000
0.2910000000    0.0000000000    0.0000000000
0.2920000000    0.0000000000    0.0000000000
0.2930000000    0.0000000000    0.0000000000
0.2940000000    0.0000000000    0.0000000000
0.2950000000    0.0000000000    0.0000000000
0.2960000000    0.0000000000    0.0000000000
0.2970000000    0.0000000000    0.0000000000
0.2980000000    0.0000000000    0.0000000000
0.2990000000    0.0000000000    0.0000000000
0.3000000000    0.0000000000    0.0000000000
0.3010000000    0.0000000000    0.0000000000
0.3020000000    0.0000000000    0.0000000000
0.3030000000    0.0000000000    0.0000000000
0.3040000000    0.0000000000    0.0000000000
0.3050000000    0.0000000000    0.0000000000
0.3060000000    0.0000000000    0.0000000000
0.3070000000    0.0000000000    0.0000000000
0.3080000000    0.0000000000    0.0000000000
0.3090000000    0.0000000000    0.0000000000
0.3100000000    0.0000000000    0.0000000000
0.3110000000    0.0000000000    0.0000000000
0.3120000000    0.0000000000    0.0000000000
0.3130000000    0.0000000000    0.0000000000
0.3140000000    0.0000000000    0.0000000000
0.3150000000    0.0000000000    0.0000000000
0.3160000000    0.0000000000    0.0000000000
0.3170000000    0.0000000000    0.0000000000
0.3180000000    0.0000000000    0.0000000000
0.3190000000    0.0000000000    0.0000000000
0.3200000000    0.0000000000    0.0000000000
0.3210000000    0.0000000000    0.0000000000
0.3220000000    0.0000000000    0.0000000000
0.3230000000    0.0000000000    0.0000000000
0.3240000000    0.0000000000    0.0000000000
0.3250000000    0.0000000000    0.0000000000
0.3260000000    0.0000000000    0.0000000000
0.3270000000    0.0000000000    0.0000000000
0.3280000000    0.0000000000    0.0000000000
0.3290000000    0.0000000000    0.0000000000
0.3300000000    0.0000000000    0.0000000000
0.3310000000    0.0000000000    0.0000000000
0.3320000000    0.0000000000    0.0000000000
0.3330000000    0.0000000000    0.0000000000
0.3340000000    0.0000000000    0.0000000000
0.3350000000    0.0000000000    0.0000000000
0.3360000000    0.0000000000    0.0000000000
0.3370000000    0.0000000000    0.0000000000
0.3380000000    0.0000000000    0.0000000000
0.3390000000    0.0000000000    0.0000000000
0.3400000000    0.0000000000    0.0000000000
0.3410000000    0.0000000000    0.0000000000
0.3420000000    0.0000000000    0.0000000000
0.3430000000    0.0000000000    0.0000000000
0.3440000000    0.0000000000    0.0000000000
0.3450000000    0.0000000000    0.0000000000
0.3460000000    0.0000000000    0.0000000000
0.3470000000    0.0000000000    0.0000000000
0.3480000000    0.0000000000    0.0000000000
0.3490000000    0.0000000000    0.0000000000
0.3500000000    0.0000000000    0.0000000000
0.3510000000    0.0000000000    0.0000000000
0.3520000000    0.0000000000    0.0000000000
0.3530000000    0.0000000000    0.0000000000
0.3540000000    0.0000000000    0.0000000000
0.3550000000    0.0000000000    0.0000000000
0.3560000000    0.0000000000    0.0000000000
0.3570000000    0.0000000000    0.0000000000
0.3580000000    0.0000000000    0.0000000000
0.3590000000    0.0000000000    0.0000000000
0.3600000000    0.0000000000    0.0000000000
0.3610000000    0.0000000000    0.0000000000
0.3620000000    0.0000000000    0.0000000000
0.3630000000    0.0000000000    0.0000000000
0.3640000000    0.0000000000    0.0000000000
0.3650000000    0.0000000000    0.0000000000
0.3660000000    0.0000000000    0.0000000000
0.3670000000    0.0000000000    0.0000000000
0.3680000000    0.0000000000    0.0000000000
0.3690000000    0.0000000000    0.0000000000
0.3700000000    0.0000000000    0.0000000000
0.3710000000    0.0000000000    0.0000000000
0.3720000000    0.0000000000    0.0000000000
0.3730000000    0.0000000000    0.0000000000
0.3740000000    0.0000000000    0.0000000000
0.3750000000    0.0000000000    0.0000000000
0.3760000000    0.0000000000    0.0000000000
0.3770000000    0.0000000000    0.0000000000
0.3780000000    0.0000000000    0.0000000000
0.3790000000    0.0000000000    0.0000000000
0.3800000000    0.0000000000    0.0000000000
0.3810000000    0.0000000000    0.0000000000
0.3820000000    0.0000000000    0.0000000000
0.3830000000    0.0000000000    0.0000000000
0.3840000000    0.0000000000    0.0000000000
0.3850000000    0.0000000000    0.0000000000
0.3860000000    0.0000000000    0.0000000000
0.3870000000    0.0000000000    0.0000000000
0.3880000000    0.0000000000    0.0000000000
0.3890000000    0.0000000000    0.0000000000
0.3900000000    0.0000000000    0.0000000000
0.3910000000    0.0000000000    0.0000000000
0.3920000000    0.0000000000    0.0000000000
0.3930000000    0.0000000000    0.0000000000
0.3940000000    0.0000000000    0.0000000000
0.3950000000    0.0000000000    0.0000000000
0.3960000000    0.0000000000    0.0000000000
0.3970000000    0.0000000000    0.0000000000
0.3980000000    0.0000000000    0.0000000000
0.3990000000    0.0000000000    0.0000000000
0.4000000000    0.0000000000    0.0000000000
0.4010000000    0.0000000000    0.0000000000
0.4020000000    0.0000000000    0.0000000000
0.4030000000    0.0000000000    0.0000000000
0.4040000000    0.0000000000    0.0000000000
0.4050000000    0.0000000000    0.0000000000
0.4060000000    0.0000000000    0.0000000000
0.4070000000    0.0000000000    0.0000000000
0.4080000000    0.0000000000    0.0000000000
0.4090000000    0.0000000000    0.0000000000
0.4100000000    0.0000000000    0.0000000000
0.4110000000    0.0000000000    0.0000000000
0.4120000000    0.0000000000    0.0000000000
0.4130000000    0.0000000000    0.0000000000
0.4140000000    0.0000000000    0.0000000000
0.4150000000    0.0000000000    0.0000000000
0.4160000000    0.0000000000    0.0000000000
0.4170000000    0.0000000000    0.0000000000
0.4180000000    0.0000000000    0.0000000000
0.4190000000    0.0000000000    0.0000000000
0.4200000000    0.0000000000    0.0000000000
0.4210000000    0.0000000000    0.0000000000
0.4220000000    0.0000000000    0.0000000000
0.4230000000    0.0000000000    0.0000000000
0.4240000000    0.0000000000    0.0000000000
0.4250000000    0.0000000000    0.0000000000
0.4260000000    0.0000000000    0.0000000000
0.4270000000    0.0000000000    0.0000000000
0.4280000000    0.0000000000    0.0000000000
0.4290000000    0.0000000000    0.0000000000
0.4300000000    0.0000000000    0.0000000000
0.4310000000    0.0000000000    0.0000000000
0.4320000000    0.0000000000    0.0000000000
0.4330000000    0.0000000000    0.0000000000
0.4340000000    0.0000000000    0.0000000000
0.4350000000    0.0000000000    0.0000000000
0.4360000000    0.0000000000    0.0000000000
0.4370000000    0.0000000000    0.0000000000
0.4380000000    0.0000000000    0.0000000000
0.4390000000    0.0000000000    0.0000000000
0.4400000000    0.0000000000    0.0000000000
0.4410000000    0.0000000000    0.0000000000
0.4420000000    0.0000000000    0.0000000000
0.4430000000    0.0000000000    0.0000000000
0.4440000000    0.0000000000    0.0000000000
0.4450000000    0.0000000000    0.0000000000
0.4460000000    0.0000000000    0.0000000000
0.4470000000    0.0000000000    0.0000000000
0.4480000000    0.0000000000    0.0000000000
0.4490000000    0.0000000000    0.0000000000
0.4500000000    0.0000000000    0.0000000000
0.4510000000    0.0000000000    0.0000000000
0.4520000000    0.0000000000    0.0000000000
0.4530000000    0.0000000000    0.0000000000
0.4540000000    0.0000000000    0.0000000000
0.4550000000    0.0000000000    0.0000000000
0.4560000000    0.0000000000    0.0000000000
0.4570000000    0.0000000000    0.0000000000
0.4580000000    0.0000000000    0.0000000000
0.4590000000    0.0000000000    0.0000000000
0.4600000000    0.0000000000    0.0000000000
0.4610000000    0.0000000000    0.0000000000
0.4620000000    0.0000000000    0.0000000000
0.4630000000    0.0000000000    0.0000000000
0.4640000000    0.0000000000    0.0000000000
0.4650000000    0.0000000000    0.0000000000
0.4660000000    0.0000000000    0.0000000000
0.4670000000    0.0000000000    0.0000000000
0.4680000000    0.0000000000    0.0000000000
0.4690000000    0.0000000000    0.0000000000
0.4700000000    0.0000000000    0.0000000000
0.4710000000    0.0000000000    0.0000000000
0.4720000000    0.0000000000    0.0000000000
0.4730000000    0.0000000000    0.0000000000
0.4740000000    0.0000000000    0.0000000000
0.4750000000    0.0000000000    0.0000000000
0.4760000000    0.0000000000    0.0000000000
0.4770000000    0.0000000000    0.0000000000
0.4780000000    0.0000000000    0.0000000000
0.4790000000    0.0000000000    0.0000000000
0.4800000000    0.0000000000    0.0000000000
0.4810000000    0.0000000000    0.0000000000
0.4820000000    0.0000000000    0.0000000000
0.4830000000    0.0000000000    0.0000000000
0.4840000000    0.0000000000    0.0000000000
0.4850000000    0.0000000000    0.0000000000
0.4860000000    0.0000000000    0.0000000000
0.4870000000    0.0000000000    0.0000000000
0.4880000000    0.0000000000    0.0000000000
0.4890000000    0.0000000000    0.0000000000
0.4900000000    0.0000000000    0.0000000000
0.4910000000    0.0000000000    0.0000000000
0.4920000000    0.0000000000    0.0000000000
0.4930000000    0.0000000000    0.0000000000
0.4940000000    0.0000000000    0.0000000000
0.4950000000    0.0000000000    0.0000000000
0.4960000000    0.0000000000    0.0000000000
0.4970000000    0.0000000000    0.0000000000
0.4980000000    0.0000000000    0.0000000000
0.4990000000    0.0000000000    0.0000000000
0.5000000000    0.0000000000    0.0000000000
0.4994984985    0.0010000000    0.0000000000
0.4989969970    0.0020000000    0.0000000000
0.4984954955    0.0030000000    0.0000000000
0.4979939940    0.0040000000    0.0000000000
0.4974924925    0.0050000000    0.0000000000
0.4969909910    0.0060000000    0.0000000000
0.4964894895    0.0070000000    0.0000000000
0.4959879880    0.0080000000    0.0000000000
0.4954864865    0.0090000000    0.0000000000
0.4949849850    0.0100000000    0.0000000000
0.4944834835    0.0110000000    0.0000000000
0.4939819820    0.0120000000    0.0000000000
0.4934804805    0.0130000000    0.0000000000
0.4929789790    0.0140000000    0.0000000000
0.4924774775    0.0150000000    0.0000000000
0.4919759760    0.0160000000    0.0000000000
0.4914744745    0.0170000000    0.0000000000
0.4909729730    0.0180000000    0.0000000000
0.4904714715    0.0190000000    0.0000000000
0.4899699700    0.0200000000    0.0000000000
0.4894684685    0.0210000000    0.0000000000
0.4889669670    0.0220000000    0.0000000000
0.4884654655    0.0230000000    0.0000000000
0.4879639640    0.0240000000    0.0000000000
0.4874624625    0.0250000000    0.0000000000
0.4869609610    0.0260000000    0.0000000000
0.4864594595    0.0270000000    0.0000000000
0.4859579580    0.0280000000    0.0000000000
0.4854564565    0.0290000000    0.0000000000
0.4849549550    0.0300000000    0.0000000000
0.4844534535    0.0310000000    0.0000000000
0.4839519520    0.0320000000    0.0000000000
0.4834504505    0.0330000000    0.0000000000
0.4829489490    0.0340000000    0.0000000000
0.4824474475    0.0350000000    0.0000000000
0.4819459460    0.0360000000    0.0000000000
0.4814444445    0.0370000000    0.0000000000
0.4809429430    0.0380000000    0.0000000000
0.4804414415    0.0390000000    0.0000000000
0.4799399400    0.0400000000    0.0000000000
0.4794384385    0.0410000000    0.0000000000
0.4789369370    0.0420000000    0.0000000000
0.4784354355    0.0430000000    0.0000000000
0.4779339340    0.0440000000    0.0000000000
0.4774324325    0.0450000000    0.0000000000
0.4769309310    0.0460000000    0.0000000000
0.4764294295    0.0470000000    0.0000000000
0.4759279280    0.0480000000    0.0000000000
0.4754264265    0.0490000000    0.0000000000
0.4749249250    0.0500000000    0.0000000000
0.4744234235    0.0510000000    0.0000000000
0.4739219220    0.0520000000    0.0000000000
0.4734204205    0.0530000000    0.0000000000
0.4729189190    0.0540000000    0.0000000000
0.4724174175    0.0550000000    0.0000000000
0.4719159160    0.0560000000    0.0000000000
0.4714144145    0.0570000000    0.0000000000
0.4709129130    0.0580000000    0.0000000000
0.4704114115    0.0590000000    0.0000000000
0.4699099100    0.0600000000    0.0000000000
0.4694084085    0.0610000000    0.0000000000
0.4689069070    0.0620000000    0.0000000000
0.4684054055    0.0630000000    0.0000000000
0.4679039040    0.0640000000    0.0000000000
0.4674024025    0.0650000000    0.0000000000
0.4669009010    0.0660000000    0.0000000000
0.4663993995    0.0670000000    0.0000000000
0.4658978980    0.0680000000    0.0000000000
0.4653963965    0.0690000000    0.0000000000
0.4648948950    0.0700000000    0.0000000000
0.4643933935    0.0710000000    0.0000000000
0.4638918920    0.0720000000    0.0000000000
0.4633903905    0.0730000000    0.0000000000
0.4628888890    0.0740000000    0.0000000000
0.4623873875    0.0750000000    0.0000000000
0.4618858860    0.0760000000    0.0000000000
0.4613843845    0.0770000000    0.0000000000
0.4608828830    0.0780000000    0.0000000000
0.4603813815    0.0790000000    0.0000000000
0.4598798800    0.0800000000    0.0000000000
0.4593783785    0.0810000000    0.0000000000
0.4588768770    0.0820000000    0.0000000000
0.4583753755    0.0830000000    0.0000000000
0.4578738740    0.0840000000    0.0000000000
0.4573723725    0.0850000000    0.0000000000
0.4568708710    0.0860000000    0.0000000000
0.4563693695    0.0870000000    0.0000000000
0.4558678680    0.0880000000    0.0000000000
0.4553663665    0.0890000000    0.0000000000
0.4548648650    0.0900000000    0.0000000000
0.4543633635    0.0910000000    0.0000000000
0.4538618620    0.0920000000    0.0000000000
0.4533603605    0.0930000000    0.0000000000
0.4528588590    0.0940000000    0.0000000000
0.4523573575    0.0950000000    0.0000000000
0.4518558560    0.0960000000    0.0000000000
0.4513543545    0.0970000000    0.0000000000
0.4508528530    0.0980000000    0.0000000000
0.4503513515    0.0990000000    0.0000000000
0.4498498500    0.1000000000    0.0000000000
0.4493483485    0.1010000000    0.0000000000
0.4488468470    0.1020000000    0.0000000000
0.4483453455    0.1030000000    0.0000000000
0.4478438440    0.1040000000    0.0000000000
0.4473423425    0.1050000000    0.0000000000
0.4468408410    0.1060000000    0.0000000000
0.4463393395    0.1070000000    0.0000000000
0.4458378380    0.1080000000    0.0000000000
0.4453363365    0.1090000000    0.0000000000
0.4448348350    0.1100000000    0.0000000000
0.4443333335    0.1110000000    0.0000000000
0.4438318320    0.1120000000    0.0000000000
0.4433303305    0.1130000000    0.0000000000
0.4428288290    0.1140000000    0.0000000000
0.4423273275    0.1150000000    0.0000000000
0.4418258260    0.1160000000    0.0000000000
0.4413243245    0.1170000000    0.0000000000
0.4408228230    0.1180000000    0.0000000000
0.4403213215    0.1190000000    0.0000000000
0.4398198200    0.1200000000    0.0000000000
0.4393183185    0.1210000000    0.0000000000
0.4388168170    0.1220000000    0.0000000000
0.4383153155    0.1230000000    0.0000000000
0.4378138140    0.1240000000    0.0000000000
0.4373123125    0.1250000000    0.0000000000
0.4368108110    0.1260000000    0.0000000000
0.4363093095    0.1270000000    0.0000000000
0.4358078080    0.1280000000    0.0000000000
0.4353063065    0.1290000000    0.0000000000
0.4348048050    0.1300000000    0.0000000000
0.4343033035    0.1310000000    0.0000000000
0.4338018020    0.1320000000    0.0000000000
0.4333003005    0.1330000000    0.0000000000
0.4327987990    0.1340000000    0.0000000000
0.4322972975    0.1350000000    0.0000000000
0.4317957960    0.1360000000    0.0000000000
0.4312942945    0.1370000000    0.0000000000
0.4307927930    0.1380000000    0.0000000000
0.4302912915    0.1390000000    0.0000000000
0.4297897900    0.1400000000    0.0000000000
0.4292882885    0.1410000000    0.0000000000
0.4287867870    0.1420000000    0.0000000000
0.4282852855    0.1430000000    0.0000000000
0.4277837840    0.1440000000    0.0000000000
0.4272822825    0.1450000000    0.0000000000
0.4267807810    0.1460000000    0.0000000000
0.4262792795    0.1470000000    0.0000000000
0.4257777780    0.1480000000    0.0000000000
0.4252762765    0.1490000000    0.0000000000
0.4247747750    0.1500000000    0.0000000000
0.4242732735    0.1510000000    0.0000000000
0.4237717720    0.1520000000    0.0000000000
0.4232702705    0.1530000000    0.0000000000
0.4227687690    0.1540000000    0.0000000000
0.4222672675    0.1550000000    0.0000000000
0.4217657660    0.1560000000    0.0000000000
0.4212642645    0.1570000000    0.0000000000
0.4207627630    0.1580000000    0.0000000000
0.4202612615    0.1590000000    0.0000000000
0.4197597600    0.1600000000    0.0000000000
0.4192582585    0.1610000000    0.0000000000
0.4187567570    0.1620000000    0.0000000000
0.4182552555    0.1630000000    0.0000000000
0.4177537540    0.1640000000    0.0000000000
0.4172522525    0.1650000000    0.0000000000
0.4167507510    0.1660000000    0.0000000000
0.4162492495    0.1670000000    0.0000000000
0.4157477480    0.1680000000    0.0000000000
0.4152462465    0.1690000000    0.0000000000
0.4147447450    0.1700000000    0.0000000000
0.4142432435    0.1710000000    0.0000000000
0.4137417420    0.1720000000    0.0000000000
0.4132402405    0.1730000000    0.0000000000
0.4127387390    0.1740000000    0.0000000000
0.4122372375    0.1750000000    0.0000000000
0.4117357360    0.1760000000    0.0000000000
0.4112342345    0.1770000000    0.0000000000
0.4107327330    0.1780000000    0.0000000000
0.4102312315    0.1790000000    0.0000000000
0.4097297300    0.1800000000    0.0000000000
0.4092282285    0.1810000000    0.0000000000
0.4087267270    0.1820000000    0.0000000000
0.4082252255    0.1830000000    0.0000000000
0.4077237240    0.1840000000    0.0000000000
0.4072222225    0.1850000000    0.0000000000
0.4067207210    0.1860000000    0.0000000000
0.4062192195    0.1870000000    0.0000000000
0.4057177180    0.1880000000    0.0000000000
0.4052162165    0.1890000000    0.0000000000
0.4047147150    0.1900000000    0.0000000000
0.4042132135    0.1910000000    0.0000000000
0.4037117120    0.1920000000    0.0000000000
0.4032102105    0.1930000000    0.0000000000
0.4027087090    0.1940000000    0.0000000000
0.4022072075    0.1950000000    0.0000000000
0.4017057060    0.1960000000    0.0000000000
0.4012042045    0.1970000000    0.0000000000
0.4007027030    0.1980000000    0.0000000000
0.4002012015    0.1990000000    0.0000000000
0.3996997000    0.2000000000    0.0000000000
0.3991981985    0.2010000000    0.0000000000
0.3986966970    0.2020000000    0.0000000000
0.3981951955    0.2030000000    0.0000000000
0.3976936940    0.2040000000    0.0000000000
0.3971921925    0.2050000000    0.0000000000
0.3966906910    0.2060000000    0.0000000000
0.3961891895    0.2070000000    0.0000000000
0.3956876880    0.2080000000    0.0000000000
0.3951861865    0.2090000000    0.0000000000
0.3946846850    0.2100000000    0.0000000000
0.3941831835    0.2110000000    0.0000000000
0.3936816820    0.2120000000    0.0000000000
0.3931801805    0.2130000000    0.0000000000
0.3926786790    0.2140000000    0.0000000000
0.3921771775    0.2150000000    0.0000000000
0.3916756760    0.2160000000    0.0000000000
0.3911741745    0.2170000000    0.0000000000
0.3906726730    0.2180000000    0.0000000000
0.3901711715    0.2190000000    0.0000000000
0.3896696700    0.2200000000    0.0000000000
0.3891681685    0.2210000000    0.0000000000
0.3886666670    0.2220000000    0.0000000000
0.3881651655    0.2230000000    0.0000000000
0.3876636640    0.2240000000    0.0000000000
0.3871621625    0.2250000000    0.0000000000
0.3866606610    0.2260000000    0.0000000000
0.3861591595    0.2270000000    0.0000000000
0.3856576580    0.2280000000    0.0000000000
0.3851561565    0.2290000000    0.0000000000
0.3846546550    0.2300000000    0.0000000000
0.3841531535    0.2310000000    0.0000000000
0.3836516520    0.2320000000    0.0000000000
0.3831501505    0.2330000000    0.0000000000
0.3826486490    0.2340000000    0.0000000000
0.3821471475    0.2350000000    0.0000000000
0.3816456460    0.2360000000    0.0000000000
0.3811441445    0.2370000000    0.0000000000
0.3806426430    0.2380000000    0.0000000000
0.3801411415    0.2390000000    0.0000000000
0.3796396400    0.2400000000    0.0000000000
0.3791381385    0.2410000000    0.0000000000
0.3786366370    0.2420000000    0.0000000000
0.3781351355    0.2430000000    0.0000000000
0.3776336340    0.2440000000    0.0000000000
0.3771321325    0.2450000000    0.0000000000
0.3766306310    0.2460000000    0.0000000000
0.3761291295    0.2470000000    0.0000000000
0.3756276280    0.2480000000    0.0000000000
0.3751261265    0.2490000000    0.0000000000
0.3746246250    0.2500000000    0.0000000000
0.3741231235    0.2510000000    0.0000000000
0.3736216220    0.2520000000    0.0000000000
0.3731201205    0.2530000000    0.0000000000
0.3726186190    0.2540000000    0.0000000000
0.3721171175    0.2550000000    0.0000000000
0.3716156160    0.2560000000    0.0000000000
0.3711141145    0.2570000000    0.0000000000
0.3706126130    0.2580000000    0.0000000000
0.3701111115    0.2590000000    0.0000000000
0.3696096100    0.2600000000    0.0000000000
0.3691081085    0.2610000000    0.0000000000
0.3686066070    0.2620000000    0.0000000000
0.3681051055    0.2630000000    0.0000000000
0.3676036040    0.2640000000    0.0000000000
0.3671021025    0.2650000000    0.0000000000
0.3666006010    0.2660000000    0.0000000000
0.3660990995    0.2670000000    0.0000000000
0.3655975980    0.2680000000    0.0000000000
0.3650960965    0.2690000000    0.0000000000
0.3645945950    0.2700000000    0.0000000000
0.3640930935    0.2710000000    0.0000000000
0.3635915920    0.2720000000    0.0000000000
0.3630900905    0.2730000000    0.0000000000
0.3625885890    0.2740000000    0.0000000000
0.3620870875    0.2750000000    0.0000000000
0.3615855860    0.2760000000    0.0000000000
0.3610840845    0.2770000000    0.0000000000
0.3605825830    0.2780000000    0.0000000000
0.3600810815    0.2790000000    0.0000000000
0.3595795800    0.2800000000    0.0000000000
0.3590780785    0.2810000000    0.0000000000
0.3585765770    0.2820000000    0.0000000000
0.3580750755    0.2830000000    0.0000000000
0.3575735740    0.2840000000    0.0000000000
0.3570720725    0.2850000000    0.0000000000
0.3565705710    0.2860000000    0.0000000000
0.3560690695    0.2870000000    0.0000000000
0.3555675680    0.2880000000    0.0000000000
0.3550660665    0.2890000000    0.0000000000
0.3545645650    0.2900000000    0.0000000000
0.3540630635    0.2910000000    0.0000000000
0.3535615620    0.2920000000    0.0000000000
0.3530600605    0.2930000000    0.0000000000
0.3525585590    0.2940000000    0.0000000000
0.3520570575    0.2950000000    0.0000000000
0.3515555560    0.2960000000    0.0000000000
0.3510540545    0.2970000000    0.0000000000
0.3505525530    0.2980000000    0.0000000000
0.3500510515    0.2990000000    0.0000000000
0.3495495500    0.3000000000    0.0000000000
0.3490480485    0.3010000000    0.0000000000
0.3485465470    0.3020000000    0.0000000000
0.3480450455    0.3030000000    0.0000000000
0.3475435440    0.3040000000    0.0000000000
0.3470420425    0.3050000000    0.0000000000
0.3465405410    0.3060000000    0.0000000000
0.3460390395    0.3070000000    0.0000000000
0.3455375380    0.3080000000    0.0000000000
0.3450360365    0.3090000000    0.0000000000
0.3445345350    0.3100000000    0.0000000000
0.3440330335    0.3110000000    0.0000000000
0.3435315320    0.3120000000    0.0000000000
0.3430300305    0.3130000000    0.0000000000
0.3425285290    0.3140000000    0.0000000000
0.3420270275    0.3150000000    0.0000000000
0.3415255260    0.3160000000    0.0000000000
0.3410240245    0.3170000000    0.0000000000
0.3405225230    0.3180000000    0.0000000000
0.3400210215    0.3190000000    0.0000000000
0.3395195200    0.3200000000    0.0000000000
0.3390180185    0.3210000000    0.0000000000
0.3385165170    0.3220000000    0.0000000000
0.3380150155    0.3230000000    0.0000000000
0.3375135140    0.3240000000    0.0000000000
0.3370120125    0.3250000000    0.0000000000
0.3365105110    0.3260000000    0.0000000000
0.3360090095    0.3270000000    0.0000000000
0.3355075080    0.3280000000    0.0000000000
0.3350060065    0.3290000000    0.0000000000
0.3345045050    0.3300000000    0.0000000000
0.3340030035    0.3310000000    0.0000000000
0.3335015020    0.3320000000    0.0000000000
0.3330000000    0.3330000000    0.0000000000
0.3320000000    0.3320000000    0.0000000000
0.3310000000    0.3310000000    0.0000000000
0.3300000000    0.3300000000    0.0000000000
0.3290000000    0.3290000000    0.0000000000
0.3280000000    0.3280000000    0.0000000000
0.3270000000    0.3270000000    0.0000000000
0.3260000000    0.3260000000    0.0000000000
0.3250000000    0.3250000000    0.0000000000
0.3240000000    0.3240000000    0.0000000000
0.3230000000    0.3230000000    0.0000000000
0.3220000000    0.3220000000    0.0000000000
0.3210000000    0.3210000000    0.0000000000
0.3200000000    0.3200000000    0.0000000000
0.3190000000    0.3190000000    0.0000000000
0.3180000000    0.3180000000    0.0000000000
0.3170000000    0.3170000000    0.0000000000
0.3160000000    0.3160000000    0.0000000000
0.3150000000    0.3150000000    0.0000000000
0.3140000000    0.3140000000    0.0000000000
0.3130000000    0.3130000000    0.0000000000
0.3120000000    0.3120000000    0.0000000000
0.3110000000    0.3110000000    0.0000000000
0.3100000000    0.3100000000    0.0000000000
0.3090000000    0.3090000000    0.0000000000
0.3080000000    0.3080000000    0.0000000000
0.3070000000    0.3070000000    0.0000000000
0.3060000000    0.3060000000    0.0000000000
0.3050000000    0.3050000000    0.0000000000
0.3040000000    0.3040000000    0.0000000000
0.3030000000    0.3030000000    0.0000000000
0.3020000000    0.3020000000    0.0000000000
0.3010000000    0.3010000000    0.0000000000
0.3000000000    0.3000000000    0.0000000000
0.2990000000    0.2990000000    0.0000000000
0.2980000000    0.2980000000    0.0000000000
0.2970000000    0.2970000000    0.0000000000
0.2960000000    0.2960000000    0.0000000000
0.2950000000    0.2950000000    0.0000000000
0.2940000000    0.2940000000    0.0000000000
0.2930000000    0.2930000000    0.0000000000
0.2920000000    0.2920000000    0.0000000000
0.2910000000    0.2910000000    0.0000000000
0.2900000000    0.2900000000    0.0000000000
0.2890000000    0.2890000000    0.0000000000
0.2880000000    0.2880000000    0.0000000000
0.2870000000    0.2870000000    0.0000000000
0.2860000000    0.2860000000    0.0000000000
0.2850000000    0.2850000000    0.0000000000
0.2840000000    0.2840000000    0.0000000000
0.2830000000    0.2830000000    0.0000000000
0.2820000000    0.2820000000    0.0000000000
0.2810000000    0.2810000000    0.0000000000
0.2800000000    0.2800000000    0.0000000000
0.2790000000    0.2790000000    0.0000000000
0.2780000000    0.2780000000    0.0000000000
0.2770000000    0.2770000000    0.0000000000
0.2760000000    0.2760000000    0.0000000000
0.2750000000    0.2750000000    0.0000000000
0.2740000000    0.2740000000    0.0000000000
0.2730000000    0.2730000000    0.0000000000
0.2720000000    0.2720000000    0.0000000000
0.2710000000    0.2710000000    0.0000000000
0.2700000000    0.2700000000    0.0000000000
0.2690000000    0.2690000000    0.0000000000
0.2680000000    0.2680000000    0.0000000000
0.2670000000    0.2670000000    0.0000000000
0.2660000000    0.2660000000    0.0000000000
0.2650000000    0.2650000000    0.0000000000
0.2640000000    0.2640000000    0.0000000000
0.2630000000    0.2630000000    0.0000000000
0.2620000000    0.2620000000    0.0000000000
0.2610000000    0.2610000000    0.0000000000
0.2600000000    0.2600000000    0.0000000000
0.2590000000    0.2590000000    0.0000000000
0.2580000000    0.2580000000    0.0000000000
0.2570000000    0.2570000000    0.0000000000
0.2560000000    0.2560000000    0.0000000000
0.2550000000    0.2550000000    0.0000000000
0.2540000000    0.2540000000    0.0000000000
0.2530000000    0.2530000000    0.0000000000
0.2520000000    0.2520000000    0.0000000000
0.2510000000    0.2510000000    0.0000000000
0.2500000000    0.2500000000    0.0000000000
0.2490000000    0.2490000000    0.0000000000
0.2480000000    0.2480000000    0.0000000000
0.2470000000    0.2470000000    0.0000000000
0.2460000000    0.2460000000    0.0000000000
0.2450000000    0.2450000000    0.0000000000
0.2440000000    0.2440000000    0.0000000000
0.2430000000    0.2430000000    0.0000000000
0.2420000000    0.2420000000    0.0000000000
0.2410000000    0.2410000000    0.0000000000
0.2400000000    0.2400000000    0.0000000000
0.2390000000    0.2390000000    0.0000000000
0.2380000000    0.2380000000    0.0000000000
0.2370000000    0.2370000000    0.0000000000
0.2360000000    0.2360000000    0.0000000000
0.2350000000    0.2350000000    0.0000000000
0.2340000000    0.2340000000    0.0000000000
0.2330000000    0.2330000000    0.0000000000
0.2320000000    0.2320000000    0.0000000000
0.2310000000    0.2310000000    0.0000000000
0.2300000000    0.2300000000    0.0000000000
0.2290000000    0.2290000000    0.0000000000
0.2280000000    0.2280000000    0.0000000000
0.2270000000    0.2270000000    0.0000000000
0.2260000000    0.2260000000    0.0000000000
0.2250000000    0.2250000000    0.0000000000
0.2240000000    0.2240000000    0.0000000000
0.2230000000    0.2230000000    0.0000000000
0.2220000000    0.2220000000    0.0000000000
0.2210000000    0.2210000000    0.0000000000
0.2200000000    0.2200000000    0.0000000000
0.2190000000    0.2190000000    0.0000000000
0.2180000000    0.2180000000    0.0000000000
0.2170000000    0.2170000000    0.0000000000
0.2160000000    0.2160000000    0.0000000000
0.2150000000    0.2150000000    0.0000000000
0.2140000000    0.2140000000    0.0000000000
0.2130000000    0.2130000000    0.0000000000
0.2120000000    0.2120000000    0.0000000000
0.2110000000    0.2110000000    0.0000000000
0.2100000000    0.2100000000    0.0000000000
0.2090000000    0.2090000000    0.0000000000
0.2080000000    0.2080000000    0.0000000000
0.2070000000    0.2070000000    0.0000000000
0.2060000000    0.2060000000    0.0000000000
0.2050000000    0.2050000000    0.0000000000
0.2040000000    0.2040000000    0.0000000000
0.2030000000    0.2030000000    0.0000000000
0.2020000000    0.2020000000    0.0000000000
0.2010000000    0.2010000000    0.0000000000
0.2000000000    0.2000000000    0.0000000000
0.1990000000    0.1990000000    0.0000000000
0.1980000000    0.1980000000    0.0000000000
0.1970000000    0.1970000000    0.0000000000
0.1960000000    0.1960000000    0.0000000000
0.1950000000    0.1950000000    0.0000000000
0.1940000000    0.1940000000    0.0000000000
0.1930000000    0.1930000000    0.0000000000
0.1920000000    0.1920000000    0.0000000000
0.1910000000    0.1910000000    0.0000000000
0.1900000000    0.1900000000    0.0000000000
0.1890000000    0.1890000000    0.0000000000
0.1880000000    0.1880000000    0.0000000000
0.1870000000    0.1870000000    0.0000000000
0.1860000000    0.1860000000    0.0000000000
0.1850000000    0.1850000000    0.0000000000
0.1840000000    0.1840000000    0.0000000000
0.1830000000    0.1830000000    0.0000000000
0.1820000000    0.1820000000    0.0000000000
0.1810000000    0.1810000000    0.0000000000
0.1800000000    0.1800000000    0.0000000000
0.1790000000    0.1790000000    0.0000000000
0.1780000000    0.1780000000    0.0000000000
0.1770000000    0.1770000000    0.0000000000
0.1760000000    0.1760000000    0.0000000000
0.1750000000    0.1750000000    0.0000000000
0.1740000000    0.1740000000    0.0000000000
0.1730000000    0.1730000000    0.0000000000
0.1720000000    0.1720000000    0.0000000000
0.1710000000    0.1710000000    0.0000000000
0.1700000000    0.1700000000    0.0000000000
0.1690000000    0.1690000000    0.0000000000
0.1680000000    0.1680000000    0.0000000000
0.1670000000    0.1670000000    0.0000000000
0.1660000000    0.1660000000    0.0000000000
0.1650000000    0.1650000000    0.0000000000
0.1640000000    0.1640000000    0.0000000000
0.1630000000    0.1630000000    0.0000000000
0.1620000000    0.1620000000    0.0000000000
0.1610000000    0.1610000000    0.0000000000
0.1600000000    0.1600000000    0.0000000000
0.1590000000    0.1590000000    0.0000000000
0.1580000000    0.1580000000    0.0000000000
0.1570000000    0.1570000000    0.0000000000
0.1560000000    0.1560000000    0.0000000000
0.1550000000    0.1550000000    0.0000000000
0.1540000000    0.1540000000    0.0000000000
0.1530000000    0.1530000000    0.0000000000
0.1520000000    0.1520000000    0.0000000000
0.1510000000    0.1510000000    0.0000000000
0.1500000000    0.1500000000    0.0000000000
0.1490000000    0.1490000000    0.0000000000
0.1480000000    0.1480000000    0.0000000000
0.1470000000    0.1470000000    0.0000000000
0.1460000000    0.1460000000    0.0000000000
0.1450000000    0.1450000000    0.0000000000
0.1440000000    0.1440000000    0.0000000000
0.1430000000    0.1430000000    0.0000000000
0.1420000000    0.1420000000    0.0000000000
0.1410000000    0.1410000000    0.0000000000
0.1400000000    0.1400000000    0.0000000000
0.1390000000    0.1390000000    0.0000000000
0.1380000000    0.1380000000    0.0000000000
0.1370000000    0.1370000000    0.0000000000
0.1360000000    0.1360000000    0.0000000000
0.1350000000    0.1350000000    0.0000000000
0.1340000000    0.1340000000    0.0000000000
0.1330000000    0.1330000000    0.0000000000
0.1320000000    0.1320000000    0.0000000000
0.1310000000    0.1310000000    0.0000000000
0.1300000000    0.1300000000    0.0000000000
0.1290000000    0.1290000000    0.0000000000
0.1280000000    0.1280000000    0.0000000000
0.1270000000    0.1270000000    0.0000000000
0.1260000000    0.1260000000    0.0000000000
0.1250000000    0.1250000000    0.0000000000
0.1240000000    0.1240000000    0.0000000000
0.1230000000    0.1230000000    0.0000000000
0.1220000000    0.1220000000    0.0000000000
0.1210000000    0.1210000000    0.0000000000
0.1200000000    0.1200000000    0.0000000000
0.1190000000    0.1190000000    0.0000000000
0.1180000000    0.1180000000    0.0000000000
0.1170000000    0.1170000000    0.0000000000
0.1160000000    0.1160000000    0.0000000000
0.1150000000    0.1150000000    0.0000000000
0.1140000000    0.1140000000    0.0000000000
0.1130000000    0.1130000000    0.0000000000
0.1120000000    0.1120000000    0.0000000000
0.1110000000    0.1110000000    0.0000000000
0.1100000000    0.1100000000    0.0000000000
0.1090000000    0.1090000000    0.0000000000
0.1080000000    0.1080000000    0.0000000000
0.1070000000    0.1070000000    0.0000000000
0.1060000000    0.1060000000    0.0000000000
0.1050000000    0.1050000000    0.0000000000
0.1040000000    0.1040000000    0.0000000000
0.1030000000    0.1030000000    0.0000000000
0.1020000000    0.1020000000    0.0000000000
0.1010000000    0.1010000000    0.0000000000
0.1000000000    0.1000000000    0.0000000000
0.0990000000    0.0990000000    0.0000000000
0.0980000000    0.0980000000    0.0000000000
0.0970000000    0.0970000000    0.0000000000
0.0960000000    0.0960000000    0.0000000000
0.0950000000    0.0950000000    0.0000000000
0.0940000000    0.0940000000    0.0000000000
0.0930000000    0.0930000000    0.0000000000
0.0920000000    0.0920000000    0.0000000000
0.0910000000    0.0910000000    0.0000000000
0.0900000000    0.0900000000    0.0000000000
0.0890000000    0.0890000000    0.0000000000
0.0880000000    0.0880000000    0.0000000000
0.0870000000    0.0870000000    0.0000000000
0.0860000000    0.0860000000    0.0000000000
0.0850000000    0.0850000000    0.0000000000
0.0840000000    0.0840000000    0.0000000000
0.0830000000    0.0830000000    0.0000000000
0.0820000000    0.0820000000    0.0000000000
0.0810000000    0.0810000000    0.0000000000
0.0800000000    0.0800000000    0.0000000000
0.0790000000    0.0790000000    0.0000000000
0.0780000000    0.0780000000    0.0000000000
0.0770000000    0.0770000000    0.0000000000
0.0760000000    0.0760000000    0.0000000000
0.0750000000    0.0750000000    0.0000000000
0.0740000000    0.0740000000    0.0000000000
0.0730000000    0.0730000000    0.0000000000
0.0720000000    0.0720000000    0.0000000000
0.0710000000    0.0710000000    0.0000000000
0.0700000000    0.0700000000    0.0000000000
0.0690000000    0.0690000000    0.0000000000
0.0680000000    0.0680000000    0.0000000000
0.0670000000    0.0670000000    0.0000000000
0.0660000000    0.0660000000    0.0000000000
0.0650000000    0.0650000000    0.0000000000
0.0640000000    0.0640000000    0.0000000000
0.0630000000    0.0630000000    0.0000000000
0.0620000000    0.0620000000    0.0000000000
0.0610000000    0.0610000000    0.0000000000
0.0600000000    0.0600000000    0.0000000000
0.0590000000    0.0590000000    0.0000000000
0.0580000000    0.0580000000    0.0000000000
0.0570000000    0.0570000000    0.0000000000
0.0560000000    0.0560000000    0.0000000000
0.0550000000    0.0550000000    0.0000000000
0.0540000000    0.0540000000    0.0000000000
0.0530000000    0.0530000000    0.0000000000
0.0520000000    0.0520000000    0.0000000000
0.0510000000    0.0510000000    0.0000000000
0.0500000000    0.0500000000    0.0000000000
0.0490000000    0.0490000000    0.0000000000
0.0480000000    0.0480000000    0.0000000000
0.0470000000    0.0470000000    0.0000000000
0.0460000000    0.0460000000    0.0000000000
0.0450000000    0.0450000000    0.0000000000
0.0440000000    0.0440000000    0.0000000000
0.0430000000    0.0430000000    0.0000000000
0.0420000000    0.0420000000    0.0000000000
0.0410000000    0.0410000000    0.0000000000
0.0400000000    0.0400000000    0.0000000000
0.0390000000    0.0390000000    0.0000000000
0.0380000000    0.0380000000    0.0000000000
0.0370000000    0.0370000000    0.0000000000
0.0360000000    0.0360000000    0.0000000000
0.0350000000    0.0350000000    0.0000000000
0.0340000000    0.0340000000    0.0000000000
0.0330000000    0.0330000000    0.0000000000
0.0320000000    0.0320000000    0.0000000000
0.0310000000    0.0310000000    0.0000000000
0.0300000000    0.0300000000    0.0000000000
0.0290000000    0.0290000000    0.0000000000
0.0280000000    0.0280000000    0.0000000000
0.0270000000    0.0270000000    0.0000000000
0.0260000000    0.0260000000    0.0000000000
0.0250000000    0.0250000000    0.0000000000
0.0240000000    0.0240000000    0.0000000000
0.0230000000    0.0230000000    0.0000000000
0.0220000000    0.0220000000    0.0000000000
0.0210000000    0.0210000000    0.0000000000
0.0200000000    0.0200000000    0.0000000000
0.0190000000    0.0190000000    0.0000000000
0.0180000000    0.0180000000    0.0000000000
0.0170000000    0.0170000000    0.0000000000
0.0160000000    0.0160000000    0.0000000000
0.0150000000    0.0150000000    0.0000000000
0.0140000000    0.0140000000    0.0000000000
0.0130000000    0.0130000000    0.0000000000
0.0120000000    0.0120000000    0.0000000000
0.0110000000    0.0110000000    0.0000000000
0.0100000000    0.0100000000    0.0000000000
0.0090000000    0.0090000000    0.0000000000
0.0080000000    0.0080000000    0.0000000000
0.0070000000    0.0070000000    0.0000000000
0.0060000000    0.0060000000    0.0000000000
0.0050000000    0.0050000000    0.0000000000
0.0040000000    0.0040000000    0.0000000000
0.0030000000    0.0030000000    0.0000000000
0.0020000000    0.0020000000    0.0000000000
0.0010000000    0.0010000000    0.0000000000
0.0000000000    0.0000000000    0.0000000000
