  0.001000000  0.000000000  0.000000000   1 1
  0.000000000  0.000000000  0.166666667   1 0
  0.000000000  0.000000000  0.333333333   1 0
  0.000000000  0.000000000  0.500000000   1 0
  0.000000000  0.083333333  0.000000000   1 0
  0.000000000  0.083333333  0.166666667   1 0
  0.000000000  0.083333333  0.333333333   1 0
  0.000000000  0.083333333  0.500000000   1 0
  0.000000000  0.166666667  0.000000000   1 0
  0.000000000  0.166666667  0.166666667   1 0
  0.000000000  0.166666667  0.333333333   1 0
  0.000000000  0.166666667  0.500000000   1 0
  0.000000000  0.250000000  0.000000000   1 0
  0.000000000  0.250000000  0.166666667   1 0
  0.000000000  0.250000000  0.333333333   1 0
  0.000000000  0.250000000  0.500000000   1 0
  0.000000000  0.333333333  0.000000000   1 0
  0.000000000  0.333333333  0.166666667   1 0
  0.000000000  0.333333333  0.333333333   1 0
  0.000000000  0.333333333  0.500000000   1 0
  0.000000000  0.416666667  0.000000000   1 0
  0.000000000  0.416666667  0.166666667   1 0
  0.000000000  0.416666667  0.333333333   1 0
  0.000000000  0.416666667  0.500000000   1 0
  0.000000000  0.500000000  0.000000000   1 0
  0.000000000  0.500000000  0.166666667   1 0
  0.000000000  0.500000000  0.333333333   1 0
  0.000000000  0.500000000  0.500000000   1 0
  0.083333333  0.083333333  0.000000000   1 0
  0.083333333  0.083333333  0.166666667   1 0
  0.083333333  0.083333333  0.333333333   1 0
  0.083333333  0.083333333  0.500000000   1 0
  0.083333333  0.166666667  0.000000000   1 0
  0.083333333  0.166666667  0.166666667   1 0
  0.083333333  0.166666667  0.333333333   1 0
  0.083333333  0.166666667  0.500000000   1 0
  0.083333333  0.250000000  0.000000000   1 0
  0.083333333  0.250000000  0.166666667   1 0
  0.083333333  0.250000000  0.333333333   1 0
  0.083333333  0.250000000  0.500000000   1 0
  0.083333333  0.333333333  0.000000000   1 0
  0.083333333  0.333333333  0.166666667   1 0
  0.083333333  0.333333333  0.333333333   1 0
  0.083333333  0.333333333  0.500000000   1 0
  0.083333333  0.416666667  0.000000000   1 0
  0.083333333  0.416666667  0.166666667   1 0
  0.083333333  0.416666667  0.333333333   1 0
  0.083333333  0.416666667  0.500000000   1 0
  0.166666667  0.166666667  0.000000000   1 0
  0.166666667  0.166666667  0.166666667   1 0
  0.166666667  0.166666667  0.333333333   1 0
  0.166666667  0.166666667  0.500000000   1 0
  0.166666667  0.250000000  0.000000000   1 0
  0.166666667  0.250000000  0.166666667   1 0
  0.166666667  0.250000000  0.333333333   1 0
  0.166666667  0.250000000  0.500000000   1 0
  0.166666667  0.333333333  0.000000000   1 0
  0.166666667  0.333333333  0.166666667   1 0
  0.166666667  0.333333333  0.333333333   1 0
  0.166666667  0.333333333  0.500000000   1 0
  0.166666667  0.416666667  0.000000000   1 0
  0.166666667  0.416666667  0.166666667   1 0
  0.166666667  0.416666667  0.333333333   1 0
  0.166666667  0.416666667  0.500000000   1 0
  0.250000000  0.250000000  0.000000000   1 0
  0.250000000  0.250000000  0.166666667   1 0
  0.250000000  0.250000000  0.333333333   1 0
  0.250000000  0.250000000  0.500000000   1 0
  0.250000000  0.333333333  0.000000000   1 0
  0.250000000  0.333333333  0.166666667   1 0
  0.250000000  0.333333333  0.333333333   1 0
  0.250000000  0.333333333  0.500000000   1 0
  0.333333333  0.333333333  0.000000000   1 0
  0.333333333  0.333333333  0.166666667   1 0
  0.333333333  0.333333333  0.333333333   1 0
  0.333333333  0.333333333  0.500000000   1 0