-0.75000     0.75000     0.00000     1
-0.74293     0.74293     0.00000     1
-0.73585     0.73585     0.00000     1
-0.72877     0.72877     0.00000     1
-0.72170     0.72170     0.00000     1
-0.71462     0.71462     0.00000     1
-0.70755     0.70755     0.00000     1
-0.70047     0.70047     0.00000     1
-0.69340     0.69340     0.00000     1
-0.68632     0.68632     0.00000     1
-0.67925     0.67925     0.00000     1
-0.67217     0.67217     0.00000     1
-0.66509     0.66509     0.00000     1
-0.65802     0.65802     0.00000     1
-0.65094     0.65094     0.00000     1
-0.64387     0.64387     0.00000     1
-0.63679     0.63679     0.00000     1
-0.62972     0.62972     0.00000     1
-0.62264     0.62264     0.00000     1
-0.61557     0.61557     0.00000     1
-0.60849     0.60849     0.00000     1
-0.60142     0.60142     0.00000     1
-0.59434     0.59434     0.00000     1
-0.58726     0.58726     0.00000     1
-0.58019     0.58019     0.00000     1
-0.57311     0.57311     0.00000     1
-0.56604     0.56604     0.00000     1
-0.55896     0.55896     0.00000     1
-0.55189     0.55189     0.00000     1
-0.54481     0.54481     0.00000     1
-0.53774     0.53774     0.00000     1
-0.53066     0.53066     0.00000     1
-0.52359     0.52359     0.00000     1
-0.51651     0.51651     0.00000     1
-0.50943     0.50943     0.00000     1
-0.50236     0.50236     0.00000     1
-0.49528     0.49528     0.00000     1
-0.48821     0.48821     0.00000     1
-0.48113     0.48113     0.00000     1
-0.47406     0.47406     0.00000     1
-0.46698     0.46698     0.00000     1
-0.45991     0.45991     0.00000     1
-0.45283     0.45283     0.00000     1
-0.44576     0.44576     0.00000     1
-0.43868     0.43868     0.00000     1
-0.43160     0.43160     0.00000     1
-0.42453     0.42453     0.00000     1
-0.41745     0.41745     0.00000     1
-0.41038     0.41038     0.00000     1
-0.40330     0.40330     0.00000     1
-0.39623     0.39623     0.00000     1
-0.38915     0.38915     0.00000     1
-0.38208     0.38208     0.00000     1
-0.37500     0.37500     0.00000     1
-0.36793     0.36793     0.00000     1
-0.36085     0.36085     0.00000     1
-0.35377     0.35377     0.00000     1
-0.34670     0.34670     0.00000     1
-0.33962     0.33962     0.00000     1
-0.33255     0.33255     0.00000     1
-0.32547     0.32547     0.00000     1
-0.31840     0.31840     0.00000     1
-0.31132     0.31132     0.00000     1
-0.30425     0.30425     0.00000     1
-0.29717     0.29717     0.00000     1
-0.29009     0.29009     0.00000     1
-0.28302     0.28302     0.00000     1
-0.27594     0.27594     0.00000     1
-0.26887     0.26887     0.00000     1
-0.26179     0.26179     0.00000     1
-0.25472     0.25472     0.00000     1
-0.24764     0.24764     0.00000     1
-0.24057     0.24057     0.00000     1
-0.23349     0.23349     0.00000     1
-0.22642     0.22642     0.00000     1
-0.21934     0.21934     0.00000     1
-0.21226     0.21226     0.00000     1
-0.20519     0.20519     0.00000     1
-0.19811     0.19811     0.00000     1
-0.19104     0.19104     0.00000     1
-0.18396     0.18396     0.00000     1
-0.17689     0.17689     0.00000     1
-0.16981     0.16981     0.00000     1
-0.16274     0.16274     0.00000     1
-0.15566     0.15566     0.00000     1
-0.14859     0.14859     0.00000     1
-0.14151     0.14151     0.00000     1
-0.13443     0.13443     0.00000     1
-0.12736     0.12736     0.00000     1
-0.12028     0.12028     0.00000     1
-0.11321     0.11321     0.00000     1
-0.10613     0.10613     0.00000     1
-0.09906     0.09906     0.00000     1
-0.09198     0.09198     0.00000     1
-0.08491     0.08491     0.00000     1
-0.07783     0.07783     0.00000     1
-0.07076     0.07076     0.00000     1
-0.06368     0.06368     0.00000     1
-0.05660     0.05660     0.00000     1
-0.04953     0.04953     0.00000     1
-0.04245     0.04245     0.00000     1
-0.03538     0.03538     0.00000     1
-0.02830     0.02830     0.00000     1
-0.02123     0.02123     0.00000     1
-0.01415     0.01415     0.00000     1
-0.00708     0.00708     0.00000     1
 0.00000     0.00000     0.00000     1
-0.00575     0.00575     0.00575     1
-0.01149     0.01149     0.01149     1
-0.01724     0.01724     0.01724     1
-0.02299     0.02299     0.02299     1
-0.02874     0.02874     0.02874     1
-0.03448     0.03448     0.03448     1
-0.04023     0.04023     0.04023     1
-0.04598     0.04598     0.04598     1
-0.05172     0.05172     0.05172     1
-0.05747     0.05747     0.05747     1
-0.06322     0.06322     0.06322     1
-0.06897     0.06897     0.06897     1
-0.07471     0.07471     0.07471     1
-0.08046     0.08046     0.08046     1
-0.08621     0.08621     0.08621     1
-0.09195     0.09195     0.09195     1
-0.09770     0.09770     0.09770     1
-0.10345     0.10345     0.10345     1
-0.10920     0.10920     0.10920     1
-0.11494     0.11494     0.11494     1
-0.12069     0.12069     0.12069     1
-0.12644     0.12644     0.12644     1
-0.13218     0.13218     0.13218     1
-0.13793     0.13793     0.13793     1
-0.14368     0.14368     0.14368     1
-0.14943     0.14943     0.14943     1
-0.15517     0.15517     0.15517     1
-0.16092     0.16092     0.16092     1
-0.16667     0.16667     0.16667     1
-0.17241     0.17241     0.17241     1
-0.17816     0.17816     0.17816     1
-0.18391     0.18391     0.18391     1
-0.18966     0.18966     0.18966     1
-0.19540     0.19540     0.19540     1
-0.20115     0.20115     0.20115     1
-0.20690     0.20690     0.20690     1
-0.21264     0.21264     0.21264     1
-0.21839     0.21839     0.21839     1
-0.22414     0.22414     0.22414     1
-0.22989     0.22989     0.22989     1
-0.23563     0.23563     0.23563     1
-0.24138     0.24138     0.24138     1
-0.24713     0.24713     0.24713     1
-0.25287     0.25287     0.25287     1
-0.25862     0.25862     0.25862     1
-0.26437     0.26437     0.26437     1
-0.27012     0.27012     0.27012     1
-0.27586     0.27586     0.27586     1
-0.28161     0.28161     0.28161     1
-0.28736     0.28736     0.28736     1
-0.29310     0.29310     0.29310     1
-0.29885     0.29885     0.29885     1
-0.30460     0.30460     0.30460     1
-0.31035     0.31035     0.31035     1
-0.31609     0.31609     0.31609     1
-0.32184     0.32184     0.32184     1
-0.32759     0.32759     0.32759     1
-0.33333     0.33333     0.33333     1
-0.33908     0.33908     0.33908     1
-0.34483     0.34483     0.34483     1
-0.35058     0.35058     0.35058     1
-0.35632     0.35632     0.35632     1
-0.36207     0.36207     0.36207     1
-0.36782     0.36782     0.36782     1
-0.37356     0.37356     0.37356     1
-0.37931     0.37931     0.37931     1
-0.38506     0.38506     0.38506     1
-0.39081     0.39081     0.39081     1
-0.39655     0.39655     0.39655     1
-0.40230     0.40230     0.40230     1
-0.40805     0.40805     0.40805     1
-0.41379     0.41379     0.41379     1
-0.41954     0.41954     0.41954     1
-0.42529     0.42529     0.42529     1
-0.43103     0.43103     0.43103     1
-0.43678     0.43678     0.43678     1
-0.44253     0.44253     0.44253     1
-0.44828     0.44828     0.44828     1
-0.45402     0.45402     0.45402     1
-0.45977     0.45977     0.45977     1
-0.46552     0.46552     0.46552     1
-0.47126     0.47126     0.47126     1
-0.47701     0.47701     0.47701     1
-0.48276     0.48276     0.48276     1
-0.48851     0.48851     0.48851     1
-0.49425     0.49425     0.49425     1
-0.50000     0.50000     0.50000     1